[gd_scene load_steps=13 format=3 uid="uid://b6i3ktwxchyr8"]

[ext_resource type="Script" path="res://scene/player/model/model.gd" id="1_dfp2c"]
[ext_resource type="Animation" uid="uid://c30rfefyk5ykf" path="res://asset/animation/humanoid/ready_idle.res" id="2_b6r85"]
[ext_resource type="Animation" uid="uid://c3vd7xb4dsl31" path="res://asset/animation/humanoid/roll.res" id="3_3r6fq"]
[ext_resource type="Animation" uid="uid://gk61tvs7ylqh" path="res://asset/animation/humanoid/run.res" id="4_f7g05"]
[ext_resource type="Animation" uid="uid://c4lc46lkxocn6" path="res://asset/animation/humanoid/sprint.res" id="5_hq78x"]
[ext_resource type="Animation" uid="uid://b0xqh4p0a5mxu" path="res://asset/animation/humanoid/walk.res" id="6_oqwur"]
[ext_resource type="Script" path="res://scene/player/model/animation_player.gd" id="7_1ussp"]
[ext_resource type="Script" path="res://scene/player/move/idle.gd" id="8_ly13d"]
[ext_resource type="Script" path="res://scene/player/move/run.gd" id="9_w7hc7"]
[ext_resource type="Script" path="res://scene/player/move/jump.gd" id="10_u5sls"]
[ext_resource type="Script" path="res://scene/player/move/sprint.gd" id="11_4su47"]

[sub_resource type="AnimationLibrary" id="AnimationLibrary_58s4b"]
_data = {
"ready_idle": ExtResource("2_b6r85"),
"roll": ExtResource("3_3r6fq"),
"run": ExtResource("4_f7g05"),
"sprint": ExtResource("5_hq78x"),
"walk": ExtResource("6_oqwur")
}

[node name="Model" type="Node"]
script = ExtResource("1_dfp2c")

[node name="GeneralSkeleton" type="Skeleton3D" parent="."]
unique_name_in_owner = true
bones/0/name = "mixamorigHips"
bones/0/parent = -1
bones/0/rest = Transform3D(0.993877, 0.104864, -0.0348147, -0.110492, 0.943568, -0.312204, 0.000111004, 0.314139, 0.949377, -1.39451, 77.1941, -2.14362)
bones/0/enabled = true
bones/0/position = Vector3(2.52196, 76.3211, -0.333649)
bones/0/rotation = Quaternion(0.161412, -0.0841787, -0.0293948, 0.982851)
bones/0/scale = Vector3(1, 1, 1)
bones/1/name = "mixamorigSpine"
bones/1/parent = 0
bones/1/rest = Transform3D(0.987056, -0.105284, -0.120976, 0.0962784, 0.992291, -0.0780362, 0.128259, 0.0653788, 0.989583, 0, 8.86398, 0.116974)
bones/1/enabled = true
bones/1/position = Vector3(0, 8.86398, 0.116974)
bones/1/rotation = Quaternion(0.0621657, 0.0286071, 0.0314975, 0.997159)
bones/1/scale = Vector3(1, 1, 1)
bones/2/name = "mixamorigSpine1"
bones/2/parent = 1
bones/2/rest = Transform3D(0.998541, -0.0393115, -0.0370236, 0.0375601, 0.998195, -0.046866, 0.0387992, 0.045407, 0.998215, 0, 10.3422, 0)
bones/2/enabled = true
bones/2/position = Vector3(0, 10.3422, 0)
bones/2/rotation = Quaternion(0.110714, 0.055472, 0.0445431, 0.991303)
bones/2/scale = Vector3(1, 1, 1)
bones/3/name = "mixamorigSpine2"
bones/3/parent = 2
bones/3/rest = Transform3D(0.99859, -0.0388094, -0.0362234, 0.0371107, 0.998231, -0.0464464, 0.0379619, 0.0450366, 0.998264, 0, 11.8197, 0)
bones/3/enabled = true
bones/3/position = Vector3(0, 11.8197, 0)
bones/3/rotation = Quaternion(0.110714, 0.055472, 0.0445431, 0.991303)
bones/3/scale = Vector3(1, 1, 1)
bones/4/name = "mixamorigSpine2_2"
bones/4/parent = 3
bones/4/rest = Transform3D(1, 0, 0, 0, 1, 0, 0, 0, 1, 0, 0, 0)
bones/4/enabled = true
bones/4/position = Vector3(0, 0, 0)
bones/4/rotation = Quaternion(0, 0, 0, 1)
bones/4/scale = Vector3(1, 1, 1)
bones/5/name = "mixamorigNeck"
bones/5/parent = 3
bones/5/rest = Transform3D(0.996765, -0.080267, -0.00405575, 0.0802112, 0.990369, 0.112855, -0.00504183, -0.112815, 0.993603, 0, 13.2971, 2.0537e-08)
bones/5/enabled = true
bones/5/position = Vector3(0, 13.2971, 2.0537e-08)
bones/5/rotation = Quaternion(-0.0149881, 0.00210769, -0.0478052, 0.998742)
bones/5/scale = Vector3(1, 1, 1)
bones/6/name = "mixamorigNeck_2"
bones/6/parent = 5
bones/6/rest = Transform3D(1, 0, 0, 0, 1, 0, 0, 0, 1, 0, 0, 0)
bones/6/enabled = true
bones/6/position = Vector3(0, 0, 0)
bones/6/rotation = Quaternion(0, 0, 0, 1)
bones/6/scale = Vector3(1, 1, 1)
bones/7/name = "mixamorigHead"
bones/7/parent = 5
bones/7/rest = Transform3D(0.985116, 0.0965757, 0.142199, -0.109309, 0.990399, 0.084623, -0.132661, -0.098907, 0.986214, 0, 4.94179, -0.110829)
bones/7/enabled = true
bones/7/position = Vector3(0, 4.94179, -0.110829)
bones/7/rotation = Quaternion(-0.27007, -0.0255803, -0.0922209, 0.958073)
bones/7/scale = Vector3(1, 1, 1)
bones/8/name = "mixamorigHead_2"
bones/8/parent = 7
bones/8/rest = Transform3D(1, 0, 0, 0, 1, 0, 0, 0, 1, 0, 0, 0)
bones/8/enabled = true
bones/8/position = Vector3(0, 0, 0)
bones/8/rotation = Quaternion(0, 0, 0, 1)
bones/8/scale = Vector3(1, 1, 1)
bones/9/name = "mixamorigHeadTop_End"
bones/9/parent = 7
bones/9/rest = Transform3D(1, 0, 0, 0, 1, 0, 0, 0, 1, 0, 20.1401, -0.451681)
bones/9/enabled = true
bones/9/position = Vector3(0, 20.1401, -0.451681)
bones/9/rotation = Quaternion(0, 0, 0, 1)
bones/9/scale = Vector3(1, 1, 1)
bones/10/name = "mixamorigLeftShoulder"
bones/10/parent = 3
bones/10/rest = Transform3D(0.206827, 0.958731, -0.195083, 0.0113313, -0.201728, -0.979376, -0.978312, 0.200351, -0.0525867, 5.43585, 11.269, 0.0202943)
bones/10/enabled = true
bones/10/position = Vector3(5.43585, 11.269, 0.0202943)
bones/10/rotation = Quaternion(0.492585, 0.548115, -0.506857, 0.447242)
bones/10/scale = Vector3(1, 1, 1)
bones/11/name = "mixamorigLeftArm"
bones/11/parent = 10
bones/11/rest = Transform3D(0.990211, -0.13948, 0.00525826, 0.110587, 0.760992, -0.639267, 0.0851633, 0.63359, 0.768967, 4.44089e-16, 11.3224, -1.42109e-14)
bones/11/enabled = true
bones/11/position = Vector3(4.44089e-16, 11.3224, -1.42109e-14)
bones/11/rotation = Quaternion(0.464118, 0.329142, -0.234421, 0.78823)
bones/11/scale = Vector3(1, 1, 1)
bones/12/name = "mixamorigLeftForeArm"
bones/12/parent = 11
bones/12/rest = Transform3D(-0.473102, -0.881008, 0.000186709, 0.881008, -0.473102, -0.000102955, 0.000179037, 0.000115784, 1, -4.44089e-16, 30.4255, -7.10543e-15)
bones/12/enabled = true
bones/12/position = Vector3(-4.44089e-16, 30.4255, -7.10543e-15)
bones/12/rotation = Quaternion(0.0089725, -0.00422775, 0.829777, 0.558007)
bones/12/scale = Vector3(1, 1, 1)
bones/13/name = "mixamorigLeftHand"
bones/13/parent = 12
bones/13/rest = Transform3D(1, -1.63064e-16, -2.77556e-17, 1.63064e-16, 1, 1.02193e-16, 2.77556e-17, -1.02193e-16, 1, 0, 21.5194, 3.55271e-15)
bones/13/enabled = true
bones/13/position = Vector3(0, 21.5194, 3.55271e-15)
bones/13/rotation = Quaternion(-5.10964e-17, -1.38778e-17, 8.1532e-17, 1)
bones/13/scale = Vector3(1, 1, 1)
bones/14/name = "mixamorigRightShoulder"
bones/14/parent = 3
bones/14/rest = Transform3D(0.22126, -0.974155, 0.0454546, -0.0461515, -0.0570173, -0.997306, 0.974122, 0.218566, -0.0575744, -5.43585, 11.2691, 0.0332328)
bones/14/enabled = true
bones/14/position = Vector3(-5.43585, 11.2691, 0.0332328)
bones/14/rotation = Quaternion(0.609574, -0.394274, 0.39797, 0.560881)
bones/14/scale = Vector3(1, 1, 1)
bones/15/name = "mixamorigRightArm"
bones/15/parent = 14
bones/15/rest = Transform3D(0.753513, -0.395701, -0.525014, -0.24985, 0.566305, -0.785413, 0.608107, 0.722994, 0.327851, 4.44089e-16, 11.3224, 0)
bones/15/enabled = true
bones/15/position = Vector3(4.44089e-16, 11.3224, 0)
bones/15/rotation = Quaternion(0.275018, 0.214486, -0.43789, 0.828621)
bones/15/scale = Vector3(1, 1, 1)
bones/16/name = "mixamorigRightForeArm"
bones/16/parent = 15
bones/16/rest = Transform3D(0.0847522, 0.976244, 0.199412, -0.974062, 0.0390348, 0.222887, 0.209808, -0.21313, 0.954231, 0, 30.4279, 0)
bones/16/enabled = true
bones/16/position = Vector3(0, 30.4279, 0)
bones/16/rotation = Quaternion(-0.181516, 0.00160422, -0.787466, 0.589022)
bones/16/scale = Vector3(1, 1, 1)
bones/17/name = "mixamorigRightHand"
bones/17/parent = 16
bones/17/rest = Transform3D(1, -9.54098e-18, 3.64292e-17, 9.54098e-18, 1, 1.47045e-16, -3.64292e-17, -1.47045e-16, 1, 0, 21.5187, 3.55271e-15)
bones/17/enabled = true
bones/17/position = Vector3(0, 21.5187, 3.55271e-15)
bones/17/rotation = Quaternion(-7.35225e-17, 1.82146e-17, 4.77049e-18, 1)
bones/17/scale = Vector3(1, 1, 1)
bones/18/name = "mixamorigLeftUpLeg"
bones/18/parent = 0
bones/18/rest = Transform3D(-0.975116, 0.0961423, 0.199763, -0.102576, -0.99448, -0.0220876, 0.196537, -0.042029, 0.979595, 8.40872, -4.91863, 0.104784)
bones/18/enabled = true
bones/18/position = Vector3(8.40872, -4.91863, 0.104784)
bones/18/rotation = Quaternion(0.126143, 0.533325, 0.830903, -0.0961908)
bones/18/scale = Vector3(1, 1, 1)
bones/19/name = "mixamorigLeftLeg"
bones/19/parent = 18
bones/19/rest = Transform3D(0.998802, 0.00141458, 0.0489233, -0.0306223, 0.79783, 0.602105, -0.0381808, -0.602881, 0.796917, 0, 38.0973, 0)
bones/19/enabled = true
bones/19/position = Vector3(0, 38.0973, 0)
bones/19/rotation = Quaternion(-0.88625, 0.0533961, -0.111943, 0.446295)
bones/19/scale = Vector3(1, 1, 1)
bones/20/name = "mixamorigLeftFoot"
bones/20/parent = 19
bones/20/rest = Transform3D(0.989404, 0.0725591, -0.125756, -0.144974, 0.44685, -0.882784, -0.00786018, 0.891661, 0.452634, -1.77636e-15, 36.2443, 0)
bones/20/enabled = true
bones/20/position = Vector3(-1.77636e-15, 36.2443, 0)
bones/20/rotation = Quaternion(0.779277, -0.00363118, 0.16224, 0.605304)
bones/20/scale = Vector3(1, 1, 1)
bones/21/name = "mixamorigLeftToeBase"
bones/21/parent = 20
bones/21/rest = Transform3D(0.985756, 0.0706466, 0.152622, 0.124094, 0.306978, -0.943592, -0.113513, 0.949091, 0.293839, 1.77636e-15, 15.5795, 0)
bones/21/enabled = true
bones/21/position = Vector3(1.77636e-15, 15.5795, 0)
bones/21/rotation = Quaternion(0.274792, 0.0140594, -0.00316675, 0.961396)
bones/21/scale = Vector3(1, 1, 1)
bones/22/name = "mixamorigLeftToe_End"
bones/22/parent = 21
bones/22/rest = Transform3D(1, 1.73472e-18, -5.76628e-16, -1.73472e-18, 1, -2.42211e-16, 5.76628e-16, 2.42211e-16, 1, 0, 6.47196, 1.11022e-16)
bones/22/enabled = true
bones/22/position = Vector3(0, 6.47196, 1.11022e-16)
bones/22/rotation = Quaternion(1.21105e-16, -2.88314e-16, -8.67362e-19, 1)
bones/22/scale = Vector3(1, 1, 1)
bones/23/name = "mixamorigRightUpLeg"
bones/23/parent = 0
bones/23/rest = Transform3D(-0.97686, 0.194846, -0.0882064, -0.177935, -0.511517, 0.840648, 0.118678, 0.83689, 0.53435, -8.40872, -4.91863, 0.00846076)
bones/23/enabled = true
bones/23/position = Vector3(-8.40872, -4.91863, 0.00846076)
bones/23/rotation = Quaternion(-0.0311262, 0.206012, 0.974227, -0.0864384)
bones/23/scale = Vector3(1, 1, 1)
bones/24/name = "mixamorigRightLeg"
bones/24/parent = 23
bones/24/rest = Transform3D(0.999157, -0.0408894, 0.0037067, 0.028253, 0.750259, 0.66054, -0.0297901, -0.659878, 0.750782, -1.77636e-15, 38.1037, 2.22045e-16)
bones/24/enabled = true
bones/24/position = Vector3(-1.77636e-15, 38.1037, 2.22045e-16)
bones/24/rotation = Quaternion(-0.43651, 0.0537162, -0.0648885, 0.895747)
bones/24/scale = Vector3(1, 1, 1)
bones/25/name = "mixamorigRightFoot"
bones/25/parent = 24
bones/25/rest = Transform3D(0.989235, 0.0781579, -0.123716, -0.14125, 0.289018, -0.946846, -0.0382473, 0.954128, 0.296946, -1.77636e-15, 36.2447, 0)
bones/25/enabled = true
bones/25/position = Vector3(-1.77636e-15, 36.2447, 0)
bones/25/rotation = Quaternion(0.749694, 0.0410417, 0.0209659, 0.660178)
bones/25/scale = Vector3(1, 1, 1)
bones/26/name = "mixamorigRightToeBase"
bones/26/parent = 25
bones/26/rest = Transform3D(0.999527, -0.0141581, -0.0272931, -0.00187639, 0.85793, -0.513763, 0.0306895, 0.513571, 0.857498, 0, 15.5635, 0)
bones/26/enabled = true
bones/26/position = Vector3(0, 15.5635, 0)
bones/26/rotation = Quaternion(0.378337, -0.0342575, -0.100956, 0.919508)
bones/26/scale = Vector3(1, 1, 1)
bones/27/name = "mixamorigRightToe_End"
bones/27/parent = 26
bones/27/rest = Transform3D(1, 1.73472e-18, 4.53942e-17, -1.73472e-18, 1, -1.48969e-16, -4.53942e-17, 1.48969e-16, 1, 0, 6.48464, 0)
bones/27/enabled = true
bones/27/position = Vector3(0, 6.48464, 0)
bones/27/rotation = Quaternion(7.44847e-17, 2.26971e-17, -8.67362e-19, 1)
bones/27/scale = Vector3(1, 1, 1)

[node name="AnimationPlayer" type="AnimationPlayer" parent="."]
libraries = {
"": SubResource("AnimationLibrary_58s4b")
}
script = ExtResource("7_1ussp")

[node name="Idle" type="Node" parent="."]
script = ExtResource("8_ly13d")

[node name="Run" type="Node" parent="."]
script = ExtResource("9_w7hc7")

[node name="Jump" type="Node" parent="."]
script = ExtResource("10_u5sls")

[node name="Sprint" type="Node" parent="."]
script = ExtResource("11_4su47")
